0,1,2,3,
4,5,6,7,
8,9,10,11,
12,13,14,15,
=========
0,1,2,3,
4,5,6,7,
8,9,10,11,
12,13,15,14,
=========
0,1,2,3,
4,5,6,7,
8,9,15,11,
12,13,10,14,
=========
0,1,2,3,
4,5,6,7,
8,15,9,11,
12,13,10,14,
=========
0,1,2,3,
4,15,6,7,
8,5,9,11,
12,13,10,14,
=========
0,1,2,3,
4,6,15,7,
8,5,9,11,
12,13,10,14,
=========
0,1,2,3,
4,6,9,7,
8,5,15,11,
12,13,10,14,
=========
0,1,2,3,
4,6,9,7,
8,5,10,11,
12,13,15,14,
=========
0,1,2,3,
4,6,9,7,
8,5,10,11,
12,13,14,15,
=========
0,1,2,3,
4,6,9,7,
8,5,10,15,
12,13,14,11,
=========
0,1,2,3,
4,6,9,7,
8,5,15,10,
12,13,14,11,
=========
0,1,2,3,
4,6,15,7,
8,5,9,10,
12,13,14,11,
=========
0,1,2,3,
4,15,6,7,
8,5,9,10,
12,13,14,11,
=========
0,1,2,3,
4,5,6,7,
8,15,9,10,
12,13,14,11,
=========
0,1,2,3,
4,5,6,7,
8,9,15,10,
12,13,14,11,
=========
0,1,2,3,
4,5,15,7,
8,9,6,10,
12,13,14,11,
=========
0,1,15,3,
4,5,2,7,
8,9,6,10,
12,13,14,11,
=========
0,1,3,15,
4,5,2,7,
8,9,6,10,
12,13,14,11,
=========
0,1,3,7,
4,5,2,15,
8,9,6,10,
12,13,14,11,
=========
0,1,3,7,
4,5,15,2,
8,9,6,10,
12,13,14,11,
=========
0,1,3,7,
4,15,5,2,
8,9,6,10,
12,13,14,11,
=========
0,1,3,7,
15,4,5,2,
8,9,6,10,
12,13,14,11,
=========
15,1,3,7,
0,4,5,2,
8,9,6,10,
12,13,14,11,
=========
1,15,3,7,
0,4,5,2,
8,9,6,10,
12,13,14,11,
=========
1,4,3,7,
0,15,5,2,
8,9,6,10,
12,13,14,11,
=========
1,4,3,7,
0,5,15,2,
8,9,6,10,
12,13,14,11,
=========
1,4,3,7,
0,5,2,15,
8,9,6,10,
12,13,14,11,
=========
1,4,3,15,
0,5,2,7,
8,9,6,10,
12,13,14,11,
=========
1,4,15,3,
0,5,2,7,
8,9,6,10,
12,13,14,11,
=========
1,15,4,3,
0,5,2,7,
8,9,6,10,
12,13,14,11,
=========
15,1,4,3,
0,5,2,7,
8,9,6,10,
12,13,14,11,
=========
0,1,4,3,
15,5,2,7,
8,9,6,10,
12,13,14,11,
=========
0,1,4,3,
5,15,2,7,
8,9,6,10,
12,13,14,11,
=========
0,1,4,3,
5,2,15,7,
8,9,6,10,
12,13,14,11,
=========
0,1,15,3,
5,2,4,7,
8,9,6,10,
12,13,14,11,
=========
0,15,1,3,
5,2,4,7,
8,9,6,10,
12,13,14,11,
=========
0,2,1,3,
5,15,4,7,
8,9,6,10,
12,13,14,11,
=========
0,2,1,3,
15,5,4,7,
8,9,6,10,
12,13,14,11,
=========
0,2,1,3,
8,5,4,7,
15,9,6,10,
12,13,14,11,
=========
0,2,1,3,
8,5,4,7,
9,15,6,10,
12,13,14,11,
=========
0,2,1,3,
8,5,4,7,
9,6,15,10,
12,13,14,11,
=========
0,2,1,3,
8,5,4,7,
9,6,10,15,
12,13,14,11,
=========
0,2,1,3,
8,5,4,7,
9,6,10,11,
12,13,14,15,
=========
0,2,1,3,
8,5,4,7,
9,6,10,11,
12,13,15,14,
=========
0,2,1,3,
8,5,4,7,
9,6,15,11,
12,13,10,14,
=========
0,2,1,3,
8,5,4,7,
9,15,6,11,
12,13,10,14,
=========
0,2,1,3,
8,5,4,7,
15,9,6,11,
12,13,10,14,
=========
0,2,1,3,
15,5,4,7,
8,9,6,11,
12,13,10,14,
=========
0,2,1,3,
5,15,4,7,
8,9,6,11,
12,13,10,14,
=========
0,2,1,3,
5,4,15,7,
8,9,6,11,
12,13,10,14,
=========
0,2,1,3,
5,4,6,7,
8,9,15,11,
12,13,10,14,
=========
0,2,1,3,
5,4,6,7,
8,15,9,11,
12,13,10,14,
=========
0,2,1,3,
5,4,6,7,
15,8,9,11,
12,13,10,14,
=========
0,2,1,3,
15,4,6,7,
5,8,9,11,
12,13,10,14,
=========
0,2,1,3,
4,15,6,7,
5,8,9,11,
12,13,10,14,
=========
0,2,1,3,
4,8,6,7,
5,15,9,11,
12,13,10,14,
=========
0,2,1,3,
4,8,6,7,
15,5,9,11,
12,13,10,14,
=========
0,2,1,3,
15,8,6,7,
4,5,9,11,
12,13,10,14,
=========
0,2,1,3,
8,15,6,7,
4,5,9,11,
12,13,10,14,
=========
0,15,1,3,
8,2,6,7,
4,5,9,11,
12,13,10,14,
=========
0,1,15,3,
8,2,6,7,
4,5,9,11,
12,13,10,14,
=========
0,1,3,15,
8,2,6,7,
4,5,9,11,
12,13,10,14,
=========
0,1,3,7,
8,2,6,15,
4,5,9,11,
12,13,10,14,
=========
0,1,3,7,
8,2,15,6,
4,5,9,11,
12,13,10,14,
=========
0,1,3,7,
8,15,2,6,
4,5,9,11,
12,13,10,14,
=========
0,1,3,7,
8,5,2,6,
4,15,9,11,
12,13,10,14,
=========
0,1,3,7,
8,5,2,6,
15,4,9,11,
12,13,10,14,
=========
0,1,3,7,
15,5,2,6,
8,4,9,11,
12,13,10,14,
=========
0,1,3,7,
5,15,2,6,
8,4,9,11,
12,13,10,14,
=========
0,15,3,7,
5,1,2,6,
8,4,9,11,
12,13,10,14,
=========
0,3,15,7,
5,1,2,6,
8,4,9,11,
12,13,10,14,
=========
0,3,2,7,
5,1,15,6,
8,4,9,11,
12,13,10,14,
=========
0,3,2,7,
5,15,1,6,
8,4,9,11,
12,13,10,14,
=========
0,3,2,7,
15,5,1,6,
8,4,9,11,
12,13,10,14,
=========
0,3,2,7,
8,5,1,6,
15,4,9,11,
12,13,10,14,
=========
0,3,2,7,
8,5,1,6,
4,15,9,11,
12,13,10,14,
=========
0,3,2,7,
8,15,1,6,
4,5,9,11,
12,13,10,14,
=========
0,3,2,7,
8,1,15,6,
4,5,9,11,
12,13,10,14,
=========
0,3,2,7,
8,1,9,6,
4,5,15,11,
12,13,10,14,
=========
0,3,2,7,
8,1,9,6,
4,15,5,11,
12,13,10,14,
=========
0,3,2,7,
8,15,9,6,
4,1,5,11,
12,13,10,14,
=========
0,3,2,7,
8,9,15,6,
4,1,5,11,
12,13,10,14,
=========
0,3,15,7,
8,9,2,6,
4,1,5,11,
12,13,10,14,
=========
0,15,3,7,
8,9,2,6,
4,1,5,11,
12,13,10,14,
=========
15,0,3,7,
8,9,2,6,
4,1,5,11,
12,13,10,14,
=========
8,0,3,7,
15,9,2,6,
4,1,5,11,
12,13,10,14,
=========
8,0,3,7,
9,15,2,6,
4,1,5,11,
12,13,10,14,
=========
8,0,3,7,
9,2,15,6,
4,1,5,11,
12,13,10,14,
=========
8,0,3,7,
9,2,6,15,
4,1,5,11,
12,13,10,14,
=========
8,0,3,15,
9,2,6,7,
4,1,5,11,
12,13,10,14,
=========
8,0,15,3,
9,2,6,7,
4,1,5,11,
12,13,10,14,
=========
8,15,0,3,
9,2,6,7,
4,1,5,11,
12,13,10,14,
=========
8,2,0,3,
9,15,6,7,
4,1,5,11,
12,13,10,14,
=========
8,2,0,3,
15,9,6,7,
4,1,5,11,
12,13,10,14,
=========
15,2,0,3,
8,9,6,7,
4,1,5,11,
12,13,10,14,
=========
2,15,0,3,
8,9,6,7,
4,1,5,11,
12,13,10,14,
=========
2,0,15,3,
8,9,6,7,
4,1,5,11,
12,13,10,14,
=========
2,0,3,15,
8,9,6,7,
4,1,5,11,
12,13,10,14,
=========
2,0,3,7,
8,9,6,15,
4,1,5,11,
12,13,10,14,
=========
2,0,3,7,
8,9,15,6,
4,1,5,11,
12,13,10,14,
=========
2,0,3,7,
8,9,5,6,
4,1,15,11,
12,13,10,14,
=========
2,0,3,7,
8,9,5,6,
4,15,1,11,
12,13,10,14,
=========
2,0,3,7,
8,15,5,6,
4,9,1,11,
12,13,10,14,
=========
2,0,3,7,
8,5,15,6,
4,9,1,11,
12,13,10,14,
=========
2,0,3,7,
8,5,6,15,
4,9,1,11,
12,13,10,14,
=========
2,0,3,15,
8,5,6,7,
4,9,1,11,
12,13,10,14,
=========
2,0,15,3,
8,5,6,7,
4,9,1,11,
12,13,10,14,
=========
2,15,0,3,
8,5,6,7,
4,9,1,11,
12,13,10,14,
=========
15,2,0,3,
8,5,6,7,
4,9,1,11,
12,13,10,14,
=========
8,2,0,3,
15,5,6,7,
4,9,1,11,
12,13,10,14,
=========
8,2,0,3,
5,15,6,7,
4,9,1,11,
12,13,10,14,
=========
8,2,0,3,
5,6,15,7,
4,9,1,11,
12,13,10,14,
=========
8,2,0,3,
5,6,7,15,
4,9,1,11,
12,13,10,14,
=========
8,2,0,3,
5,6,7,11,
4,9,1,15,
12,13,10,14,
=========
8,2,0,3,
5,6,7,11,
4,9,15,1,
12,13,10,14,
=========
8,2,0,3,
5,6,7,11,
4,9,10,1,
12,13,15,14,
=========
8,2,0,3,
5,6,7,11,
4,9,10,1,
12,13,14,15,
=========
8,2,0,3,
5,6,7,11,
4,9,10,15,
12,13,14,1,
=========
8,2,0,3,
5,6,7,11,
4,9,15,10,
12,13,14,1,
=========
8,2,0,3,
5,6,7,11,
4,9,14,10,
12,13,15,1,
=========
8,2,0,3,
5,6,7,11,
4,9,14,10,
12,13,1,15,
=========
8,2,0,3,
5,6,7,11,
4,9,14,15,
12,13,1,10,
=========
8,2,0,3,
5,6,7,15,
4,9,14,11,
12,13,1,10,
=========
8,2,0,3,
5,6,15,7,
4,9,14,11,
12,13,1,10,
=========
8,2,0,3,
5,15,6,7,
4,9,14,11,
12,13,1,10,
=========
8,2,0,3,
15,5,6,7,
4,9,14,11,
12,13,1,10,
=========
15,2,0,3,
8,5,6,7,
4,9,14,11,
12,13,1,10,
=========
2,15,0,3,
8,5,6,7,
4,9,14,11,
12,13,1,10,
=========
2,0,15,3,
8,5,6,7,
4,9,14,11,
12,13,1,10,
=========
2,0,3,15,
8,5,6,7,
4,9,14,11,
12,13,1,10,
=========
2,0,3,7,
8,5,6,15,
4,9,14,11,
12,13,1,10,
=========
2,0,3,7,
8,5,15,6,
4,9,14,11,
12,13,1,10,
=========
2,0,3,7,
8,5,14,6,
4,9,15,11,
12,13,1,10,
=========
2,0,3,7,
8,5,14,6,
4,15,9,11,
12,13,1,10,
=========
2,0,3,7,
8,5,14,6,
15,4,9,11,
12,13,1,10,
=========
2,0,3,7,
15,5,14,6,
8,4,9,11,
12,13,1,10,
=========
2,0,3,7,
5,15,14,6,
8,4,9,11,
12,13,1,10,
=========
2,0,3,7,
5,14,15,6,
8,4,9,11,
12,13,1,10,
=========
2,0,3,7,
5,14,6,15,
8,4,9,11,
12,13,1,10,
=========
2,0,3,15,
5,14,6,7,
8,4,9,11,
12,13,1,10,
=========
2,0,15,3,
5,14,6,7,
8,4,9,11,
12,13,1,10,
=========
2,15,0,3,
5,14,6,7,
8,4,9,11,
12,13,1,10,
=========
15,2,0,3,
5,14,6,7,
8,4,9,11,
12,13,1,10,
=========
5,2,0,3,
15,14,6,7,
8,4,9,11,
12,13,1,10,
=========
5,2,0,3,
14,15,6,7,
8,4,9,11,
12,13,1,10,
=========
5,2,0,3,
14,6,15,7,
8,4,9,11,
12,13,1,10,
=========
5,2,15,3,
14,6,0,7,
8,4,9,11,
12,13,1,10,
=========
5,15,2,3,
14,6,0,7,
8,4,9,11,
12,13,1,10,
=========
15,5,2,3,
14,6,0,7,
8,4,9,11,
12,13,1,10,
=========
14,5,2,3,
15,6,0,7,
8,4,9,11,
12,13,1,10,
=========
14,5,2,3,
6,15,0,7,
8,4,9,11,
12,13,1,10,
=========
14,5,2,3,
6,4,0,7,
8,15,9,11,
12,13,1,10,
=========
14,5,2,3,
6,4,0,7,
8,9,15,11,
12,13,1,10,
=========
14,5,2,3,
6,4,0,7,
8,9,1,11,
12,13,15,10,
=========
14,5,2,3,
6,4,0,7,
8,9,1,11,
12,13,10,15,
=========
14,5,2,3,
6,4,0,7,
8,9,1,15,
12,13,10,11,
=========
14,5,2,3,
6,4,0,7,
8,9,15,1,
12,13,10,11,
=========
14,5,2,3,
6,4,15,7,
8,9,0,1,
12,13,10,11,
=========
14,5,2,3,
6,4,7,15,
8,9,0,1,
12,13,10,11,
=========
14,5,2,3,
6,4,7,1,
8,9,0,15,
12,13,10,11,
=========
14,5,2,3,
6,4,7,1,
8,9,0,11,
12,13,10,15,
=========
14,5,2,3,
6,4,7,1,
8,9,0,11,
12,13,15,10,
=========
14,5,2,3,
6,4,7,1,
8,9,15,11,
12,13,0,10,
=========
14,5,2,3,
6,4,7,1,
8,9,11,15,
12,13,0,10,
=========
14,5,2,3,
6,4,7,15,
8,9,11,1,
12,13,0,10,
=========
14,5,2,3,
6,4,15,7,
8,9,11,1,
12,13,0,10,
=========
14,5,2,3,
6,4,11,7,
8,9,15,1,
12,13,0,10,
=========
14,5,2,3,
6,4,11,7,
8,9,0,1,
12,13,15,10,
=========
14,5,2,3,
6,4,11,7,
8,9,0,1,
12,13,10,15,
=========
14,5,2,3,
6,4,11,7,
8,9,0,15,
12,13,10,1,
=========
14,5,2,3,
6,4,11,15,
8,9,0,7,
12,13,10,1,
=========
14,5,2,3,
6,4,15,11,
8,9,0,7,
12,13,10,1,
=========
14,5,15,3,
6,4,2,11,
8,9,0,7,
12,13,10,1,
=========
14,5,3,15,
6,4,2,11,
8,9,0,7,
12,13,10,1,
=========
14,5,3,11,
6,4,2,15,
8,9,0,7,
12,13,10,1,
=========
14,5,3,11,
6,4,2,7,
8,9,0,15,
12,13,10,1,
=========
14,5,3,11,
6,4,2,7,
8,9,15,0,
12,13,10,1,
=========
14,5,3,11,
6,4,2,7,
8,9,10,0,
12,13,15,1,
=========
14,5,3,11,
6,4,2,7,
8,9,10,0,
12,13,1,15,
=========
14,5,3,11,
6,4,2,7,
8,9,10,15,
12,13,1,0,
=========
14,5,3,11,
6,4,2,7,
8,9,15,10,
12,13,1,0,
=========
14,5,3,11,
6,4,2,7,
8,9,1,10,
12,13,15,0,
=========
14,5,3,11,
6,4,2,7,
8,9,1,10,
12,13,0,15,
=========
14,5,3,11,
6,4,2,7,
8,9,1,15,
12,13,0,10,
=========
14,5,3,11,
6,4,2,15,
8,9,1,7,
12,13,0,10,
=========
14,5,3,11,
6,4,15,2,
8,9,1,7,
12,13,0,10,
=========
14,5,3,11,
6,15,4,2,
8,9,1,7,
12,13,0,10,
=========
14,5,3,11,
15,6,4,2,
8,9,1,7,
12,13,0,10,
=========
15,5,3,11,
14,6,4,2,
8,9,1,7,
12,13,0,10,
=========
5,15,3,11,
14,6,4,2,
8,9,1,7,
12,13,0,10,
=========
5,3,15,11,
14,6,4,2,
8,9,1,7,
12,13,0,10,
=========
5,3,11,15,
14,6,4,2,
8,9,1,7,
12,13,0,10,
=========
5,3,11,2,
14,6,4,15,
8,9,1,7,
12,13,0,10,
=========
5,3,11,2,
14,6,15,4,
8,9,1,7,
12,13,0,10,
=========
5,3,11,2,
14,15,6,4,
8,9,1,7,
12,13,0,10,
=========
5,3,11,2,
15,14,6,4,
8,9,1,7,
12,13,0,10,
=========
15,3,11,2,
5,14,6,4,
8,9,1,7,
12,13,0,10,
=========
3,15,11,2,
5,14,6,4,
8,9,1,7,
12,13,0,10,
=========
3,14,11,2,
5,15,6,4,
8,9,1,7,
12,13,0,10,
=========
3,14,11,2,
15,5,6,4,
8,9,1,7,
12,13,0,10,
=========
15,14,11,2,
3,5,6,4,
8,9,1,7,
12,13,0,10,
=========
14,15,11,2,
3,5,6,4,
8,9,1,7,
12,13,0,10,
=========
14,11,15,2,
3,5,6,4,
8,9,1,7,
12,13,0,10,
=========
14,11,2,15,
3,5,6,4,
8,9,1,7,
12,13,0,10,
=========
14,11,2,4,
3,5,6,15,
8,9,1,7,
12,13,0,10,
=========
14,11,2,4,
3,5,6,7,
8,9,1,15,
12,13,0,10,
=========
14,11,2,4,
3,5,6,7,
8,9,1,10,
12,13,0,15,
=========
14,11,2,4,
3,5,6,7,
8,9,1,10,
12,13,15,0,
=========
14,11,2,4,
3,5,6,7,
8,9,15,10,
12,13,1,0,
=========
14,11,2,4,
3,5,6,7,
8,9,10,15,
12,13,1,0,
=========
14,11,2,4,
3,5,6,7,
8,9,10,0,
12,13,1,15,
=========
14,11,2,4,
3,5,6,7,
8,9,10,0,
12,13,15,1,
=========
14,11,2,4,
3,5,6,7,
8,9,10,0,
12,15,13,1,
=========
14,11,2,4,
3,5,6,7,
8,15,10,0,
12,9,13,1,
=========
14,11,2,4,
3,5,6,7,
8,10,15,0,
12,9,13,1,
=========
14,11,2,4,
3,5,6,7,
8,10,0,15,
12,9,13,1,
=========
14,11,2,4,
3,5,6,7,
8,10,0,1,
12,9,13,15,
=========
14,11,2,4,
3,5,6,7,
8,10,0,1,
12,9,15,13,
=========
14,11,2,4,
3,5,6,7,
8,10,15,1,
12,9,0,13,
=========
14,11,2,4,
3,5,15,7,
8,10,6,1,
12,9,0,13,
=========
14,11,2,4,
3,5,7,15,
8,10,6,1,
12,9,0,13,
=========
14,11,2,4,
3,5,7,1,
8,10,6,15,
12,9,0,13,
=========
14,11,2,4,
3,5,7,1,
8,10,15,6,
12,9,0,13,
=========
14,11,2,4,
3,5,7,1,
8,10,0,6,
12,9,15,13,
=========
14,11,2,4,
3,5,7,1,
8,10,0,6,
12,9,13,15,
=========
14,11,2,4,
3,5,7,1,
8,10,0,15,
12,9,13,6,
=========
14,11,2,4,
3,5,7,1,
8,10,15,0,
12,9,13,6,
=========
14,11,2,4,
3,5,7,1,
8,10,13,0,
12,9,15,6,
=========
14,11,2,4,
3,5,7,1,
8,10,13,0,
12,9,6,15,
=========
14,11,2,4,
3,5,7,1,
8,10,13,15,
12,9,6,0,
=========
14,11,2,4,
3,5,7,15,
8,10,13,1,
12,9,6,0,
=========
14,11,2,4,
3,5,15,7,
8,10,13,1,
12,9,6,0,
=========
14,11,2,4,
3,5,13,7,
8,10,15,1,
12,9,6,0,
=========
14,11,2,4,
3,5,13,7,
8,15,10,1,
12,9,6,0,
=========
14,11,2,4,
3,5,13,7,
8,9,10,1,
12,15,6,0,
=========
